0 -1 DontCare -1 -1 -10.000000 356.400000 195.810000 374.100000 216.650000 -1000.000000 -1000.000000 -1000.000000 -10.000000 -1.000000 -1.000000 -1.000000
0 -1 DontCare -1 -1 -10.000000 545.980000 182.270000 574.100000 204.150000 -1000.000000 -1000.000000 -1000.000000 -10.000000 -1.000000 -1.000000 -1.000000
0 -1 DontCare -1 -1 -10.000000 573.470000 177.810000 600.640000 199.160000 -1000.000000 -1000.000000 -1000.000000 -10.000000 -1.000000 -1.000000 -1.000000
0 -1 DontCare -1 -1 -10.000000 600.640000 177.810000 614.220000 192.370000 -1000.000000 -1000.000000 -1000.000000 -10.000000 -1.000000 -1.000000 -1.000000
0 -1 DontCare -1 -1 -10.000000 621.010000 179.750000 636.540000 193.340000 -1000.000000 -1000.000000 -1000.000000 -10.000000 -1.000000 -1.000000 -1.000000
0 0 Car 0 0 -1.983535 776.295323 167.346734 1241.000000 374.000000 1.509920 1.850000 4.930564 2.921483 1.510843 6.348542 -1.570796
0 1 Car 0 1 -1.788589 716.495068 179.216697 856.320367 270.111097 1.404795 1.612032 3.772344 2.994469 1.532878 13.169745 -1.570796
0 2 Car 0 2 -1.658339 687.583620 178.796339 758.801387 236.853238 1.413269 1.567278 3.158158 2.908125 1.583429 19.299001 -1.511817
0 3 Car 0 0 1.834548 386.049683 192.243034 463.188613 244.957603 1.527328 1.555003 3.576750 -6.037999 2.202901 23.712843 1.587202
0 4 Car 0 1 1.696224 496.360260 189.120921 527.364453 212.930471 1.417371 1.540476 3.504344 -6.310451 2.495242 46.486705 1.561516
0 5 Car 0 1 -1.627754 637.238240 179.197250 665.906205 202.155555 1.512623 1.746309 3.775171 2.822686 1.964954 50.003616 -1.572189
0 6 Car 0 2 1.703595 508.387993 187.659658 536.923249 208.082142 1.360295 1.513462 4.017021 -6.285505 2.457626 52.066669 1.583558
1 -1 DontCare -1 -1 -10.000000 518.000000 182.000000 556.000000 206.000000 -1000.000000 -1000.000000 -1000.000000 -10.000000 -1.000000 -1.000000 -1.000000
1 -1 DontCare -1 -1 -10.000000 342.060000 196.310000 368.260000 219.230000 -1000.000000 -1000.000000 -1000.000000 -10.000000 -1.000000 -1.000000 -1.000000
1 -1 DontCare -1 -1 -10.000000 545.980000 182.270000 574.100000 204.150000 -1000.000000 -1000.000000 -1000.000000 -10.000000 -1.000000 -1.000000 -1.000000
1 -1 DontCare -1 -1 -10.000000 573.470000 177.810000 600.640000 199.160000 -1000.000000 -1000.000000 -1000.000000 -10.000000 -1.000000 -1.000000 -1.000000
1 -1 DontCare -1 -1 -10.000000 600.640000 177.810000 614.220000 192.370000 -1000.000000 -1000.000000 -1000.000000 -10.000000 -1.000000 -1.000000 -1.000000
1 -1 DontCare -1 -1 -10.000000 621.010000 179.750000 636.540000 193.340000 -1000.000000 -1000.000000 -1000.000000 -10.000000 -1.000000 -1.000000 -1.000000
1 0 Car 1 0 -2.051405 798.330176 170.197116 1241.000000 374.000000 1.509920 1.850000 4.930564 2.904668 1.520341 5.253289 -1.570796
1 1 Car 0 1 -1.807795 725.209266 180.465334 883.545546 281.312638 1.404795 1.612032 3.772344 2.998431 1.541087 12.058692 -1.570796
1 2 Car 0 2 -1.662927 692.497122 178.298959 768.905263 240.251872 1.413269 1.567278 3.158158 2.914864 1.562705 18.178210 -1.507274
1 3 Car 0 0 1.846232 373.958976 194.370949 456.390299 250.280839 1.527328 1.555003 3.576750 -6.040802 2.244779 22.594655 1.587202
1 4 Car 0 1 1.699806 493.195888 189.539251 525.160431 213.985418 1.417371 1.540476 3.504344 -6.328615 2.497685 45.382315 1.561494
1 5 Car 0 1 -1.628238 637.383502 180.686978 666.738985 204.213968 1.512623 1.746309 3.775171 2.789905 2.053695 48.887000 -1.572096
1 6 Car 0 2 1.706739 505.665889 190.415353 535.000602 211.524857 1.360295 1.513462 4.017021 -6.315254 2.637259 50.960716 1.583536
2 -1 DontCare -1 -1 -10.000000 545.980000 182.270000 574.100000 204.150000 -1000.000000 -1000.000000 -1000.000000 -10.000000 -1.000000 -1.000000 -1.000000
2 -1 DontCare -1 -1 -10.000000 573.470000 177.810000 600.640000 199.160000 -1000.000000 -1000.000000 -1000.000000 -10.000000 -1.000000 -1.000000 -1.000000
2 -1 DontCare -1 -1 -10.000000 600.640000 177.810000 614.220000 192.370000 -1000.000000 -1000.000000 -1000.000000 -10.000000 -1.000000 -1.000000 -1.000000
2 -1 DontCare -1 -1 -10.000000 621.010000 179.750000 636.540000 193.340000 -1000.000000 -1000.000000 -1000.000000 -10.000000 -1.000000 -1.000000 -1.000000
2 -1 DontCare -1 -1 -10.000000 668.560000 169.080000 714.160000 186.540000 -1000.000000 -1000.000000 -1000.000000 -10.000000 -1.000000 -1.000000 -1.000000
2 0 Car 1 0 -2.144351 827.604874 170.164743 1241.000000 374.000000 1.509920 1.850000 4.930564 2.887659 1.511487 4.158227 -1.570796
2 1 Car 0 1 -1.830566 735.401790 178.828170 917.396107 291.999022 1.404795 1.612032 3.772344 3.001961 1.508398 10.948066 -1.570796
2 2 Car 0 1 -1.668663 697.998559 177.729211 780.479885 244.138918 1.413269 1.567278 3.158158 2.921603 1.541981 17.057418 -1.502731
2 3 Car 0 0 1.859033 360.459968 192.178099 448.900900 250.859396 1.527328 1.555003 3.576750 -6.045146 2.140752 21.477991 1.587202
2 4 Car 0 1 1.703034 490.257477 188.068498 523.210186 213.026520 1.417371 1.540476 3.504344 -6.324016 2.378302 44.279416 1.561473
2 5 Car 0 1 -1.629762 638.211286 179.018425 668.342641 203.092810 1.512623 1.746309 3.775171 2.803752 1.933960 47.772615 -1.572003
2 6 Car 0 2 1.708920 503.612496 188.218546 533.727621 209.630361 1.360295 1.513462 4.017021 -6.292742 2.452481 49.857843 1.583515
3 -1 DontCare -1 -1 -10.000000 545.980000 182.270000 574.100000 204.150000 -1000.000000 -1000.000000 -1000.000000 -10.000000 -1.000000 -1.000000 -1.000000
3 -1 DontCare -1 -1 -10.000000 573.470000 177.810000 600.640000 199.160000 -1000.000000 -1000.000000 -1000.000000 -10.000000 -1.000000 -1.000000 -1.000000
3 -1 DontCare -1 -1 -10.000000 600.640000 177.810000 614.220000 192.370000 -1000.000000 -1000.000000 -1000.000000 -10.000000 -1.000000 -1.000000 -1.000000
3 -1 DontCare -1 -1 -10.000000 621.010000 179.750000 636.540000 193.340000 -1000.000000 -1000.000000 -1000.000000 -10.000000 -1.000000 -1.000000 -1.000000
3 -1 DontCare -1 -1 -10.000000 668.560000 169.080000 714.160000 186.540000 -1000.000000 -1000.000000 -1000.000000 -10.000000 -1.000000 -1.000000 -1.000000
3 -1 DontCare -1 -1 -10.000000 779.180000 164.230000 808.290000 184.600000 -1000.000000 -1000.000000 -1000.000000 -10.000000 -1.000000 -1.000000 -1.000000
3 0 Car 1 0 -2.276461 868.432845 169.986853 1241.000000 374.000000 1.509920 1.850000 4.930564 2.870619 1.499755 3.063196 -1.570796
3 1 Car 0 1 -1.857962 747.509224 175.131176 960.675221 304.094099 1.404795 1.612032 3.772344 3.005308 1.458373 9.837621 -1.570796
3 2 Car 0 1 -1.675777 704.200059 177.070061 793.871763 248.627815 1.413269 1.567278 3.158158 2.928343 1.521257 15.936627 -1.498189
3 3 Car 0 0 1.873112 345.361255 192.347063 440.676974 254.588628 1.527328 1.555003 3.576750 -6.048653 2.116012 20.360499 1.587202
3 4 Car 0 1 1.706423 487.162638 186.525579 521.164214 212.016555 1.417371 1.540476 3.504344 -6.319418 2.258919 43.176517 1.561451
3 5 Car 0 1 -1.631362 639.077057 177.242985 670.026130 201.915845 1.512623 1.746309 3.775171 2.817599 1.814226 46.658229 -1.571910
3 6 Car 0 2 1.711199 501.462268 185.926299 532.399319 207.646495 1.360295 1.513462 4.017021 -6.270231 2.267704 48.754970 1.583493
4 -1 DontCare -1 -1 -10.000000 512.000000 179.000000 546.000000 201.000000 -1000.000000 -1000.000000 -1000.000000 -10.000000 -1.000000 -1.000000 -1.000000
4 -1 DontCare -1 -1 -10.000000 545.980000 182.270000 574.100000 204.150000 -1000.000000 -1000.000000 -1000.000000 -10.000000 -1.000000 -1.000000 -1.000000
4 -1 DontCare -1 -1 -10.000000 573.470000 177.810000 600.640000 199.160000 -1000.000000 -1000.000000 -1000.000000 -10.000000 -1.000000 -1.000000 -1.000000
4 -1 DontCare -1 -1 -10.000000 600.640000 177.810000 614.220000 192.370000 -1000.000000 -1000.000000 -1000.000000 -10.000000 -1.000000 -1.000000 -1.000000
4 -1 DontCare -1 -1 -10.000000 621.010000 179.750000 636.540000 193.340000 -1000.000000 -1000.000000 -1000.000000 -10.000000 -1.000000 -1.000000 -1.000000
4 -1 DontCare -1 -1 -10.000000 668.560000 169.080000 714.160000 186.540000 -1000.000000 -1000.000000 -1000.000000 -10.000000 -1.000000 -1.000000 -1.000000
4 -1 DontCare -1 -1 -10.000000 779.180000 162.290000 811.200000 183.630000 -1000.000000 -1000.000000 -1000.000000 -10.000000 -1.000000 -1.000000 -1.000000
4 0 Car 1 0 -2.469943 929.338859 167.968385 1241.000000 374.000000 1.509920 1.850000 4.930564 2.853551 1.485348 1.968192 -1.570796
4 1 Car 0 1 -1.891497 762.192171 175.834529 1018.091431 325.735599 1.404795 1.612032 3.772344 3.009217 1.461551 8.726621 -1.570796
4 2 Car 0 1 -1.684561 711.244200 176.298679 809.545530 253.870078 1.413269 1.567278 3.158158 2.935082 1.500533 14.815836 -1.493646
4 3 Car 0 0 1.888667 328.323525 191.352241 431.569223 257.370605 1.527328 1.555003 3.576750 -6.052523 2.056826 19.243366 1.587202
4 4 Car 0 1 1.710413 483.742139 185.827291 518.890265 211.959701 1.417371 1.540476 3.504344 -6.321764 2.195440 42.065424 1.561656
4 5 Car 0 1 -1.633044 639.983492 175.376938 671.795564 200.678800 1.512623 1.746309 3.775171 2.831447 1.694491 45.543844 -1.571817
4 6 Car 0 2 1.714128 498.960533 184.179622 530.801529 206.274684 1.360295 1.513462 4.017021 -6.261821 2.127375 47.644612 1.583699
5 -1 DontCare -1 -1 -10.000000 621.270000 173.780000 641.180000 190.770000 -1000.000000 -1000.000000 -1000.000000 -10.000000 -1.000000 -1.000000 -1.000000
5 -1 DontCare -1 -1 -10.000000 668.560000 169.080000 714.160000 186.540000 -1000.000000 -1000.000000 -1000.000000 -10.000000 -1.000000 -1.000000 -1.000000
5 -1 DontCare -1 -1 -10.000000 779.180000 162.290000 811.200000 183.630000 -1000.000000 -1000.000000 -1000.000000 -10.000000 -1.000000 -1.000000 -1.000000
5 -1 DontCare -1 -1 -10.000000 579.290000 175.870000 621.010000 194.310000 -1000.000000 -1000.000000 -1000.000000 -10.000000 -1.000000 -1.000000 -1.000000
5 -1 DontCare -1 -1 -10.000000 527.860000 175.870000 577.350000 202.070000 -1000.000000 -1000.000000 -1000.000000 -10.000000 -1.000000 -1.000000 -1.000000
5 0 Car 2 0 -2.762380 1046.646779 171.032535 1241.000000 374.000000 1.509920 1.850000 4.930564 2.908780 1.485091 0.864516 -1.570796
5 1 Car 0 0 -1.933384 780.300185 176.522014 1097.759096 355.476521 1.404795 1.612032 3.772344 3.013102 1.462438 7.615644 -1.570796
5 2 Car 0 1 -1.695396 719.315099 175.383734 828.138969 260.072746 1.413269 1.567278 3.158158 2.941821 1.479809 13.695044 -1.489103
5 3 Car 0 0 1.905932 308.971559 191.727839 421.450742 262.339688 1.527328 1.555003 3.576750 -6.055962 2.038544 18.125807 1.587202
5 4 Car 0 1 1.714603 480.127830 185.092684 516.498002 211.899624 1.417371 1.540476 3.504344 -6.324109 2.131960 40.954330 1.561862
5 5 Car 0 1 -1.634814 640.933524 173.413166 673.657697 199.376954 1.512623 1.746309 3.775171 2.845294 1.574757 44.429459 -1.571725
5 6 Car 0 2 1.717183 496.346862 183.663567 529.142941 206.263494 1.360295 1.513462 4.017021 -6.252480 2.075213 46.533333 1.583904
6 -1 DontCare -1 -1 -10.000000 621.270000 173.780000 641.180000 190.770000 -1000.000000 -1000.000000 -1000.000000 -10.000000 -1.000000 -1.000000 -1.000000
6 -1 DontCare -1 -1 -10.000000 668.560000 169.080000 714.160000 186.540000 -1000.000000 -1000.000000 -1000.000000 -10.000000 -1.000000 -1.000000 -1.000000
6 -1 DontCare -1 -1 -10.000000 780.370000 153.990000 817.690000 186.290000 -1000.000000 -1000.000000 -1000.000000 -10.000000 -1.000000 -1.000000 -1.000000
6 -1 DontCare -1 -1 -10.000000 579.290000 175.870000 621.010000 194.310000 -1000.000000 -1000.000000 -1000.000000 -10.000000 -1.000000 -1.000000 -1.000000
6 -1 DontCare -1 -1 -10.000000 527.860000 175.870000 577.350000 202.070000 -1000.000000 -1000.000000 -1000.000000 -10.000000 -1.000000 -1.000000 -1.000000
6 1 Car 0 0 -1.986059 802.190551 179.657421 1215.724629 374.000000 1.404795 1.612032 3.772344 2.998377 1.476691 6.478737 -1.570796
6 2 Car 0 1 -1.717991 727.101216 175.797390 850.377990 268.969213 1.413269 1.567278 3.158158 2.936356 1.482300 12.589781 -1.494952
6 3 Car 0 0 1.924132 287.911066 192.446244 410.828885 268.242328 1.527328 1.555003 3.576750 -6.050207 2.028924 17.041085 1.587202
6 4 Car 0 1 1.718846 476.443591 185.816911 514.107687 213.473642 1.417371 1.540476 3.504344 -6.318862 2.154876 39.842392 1.562067
6 5 Car 0 1 -1.636495 641.830289 173.900325 675.503558 200.556963 1.512623 1.746309 3.775171 2.853265 1.601888 43.323943 -1.571632
6 6 Car 0 2 1.720375 493.613683 184.586545 527.420328 207.850606 1.360295 1.513462 4.017021 -6.242123 2.119232 45.421049 1.584109
7 -1 DontCare -1 -1 -10.000000 621.270000 173.780000 641.180000 190.770000 -1000.000000 -1000.000000 -1000.000000 -10.000000 -1.000000 -1.000000 -1.000000
7 -1 DontCare -1 -1 -10.000000 668.560000 169.080000 714.160000 186.540000 -1000.000000 -1000.000000 -1000.000000 -10.000000 -1.000000 -1.000000 -1.000000
7 -1 DontCare -1 -1 -10.000000 788.270000 159.730000 819.130000 184.850000 -1000.000000 -1000.000000 -1000.000000 -10.000000 -1.000000 -1.000000 -1.000000
7 -1 DontCare -1 -1 -10.000000 579.290000 175.870000 621.010000 194.310000 -1000.000000 -1000.000000 -1000.000000 -10.000000 -1.000000 -1.000000 -1.000000
7 -1 DontCare -1 -1 -10.000000 527.860000 175.870000 577.350000 202.070000 -1000.000000 -1000.000000 -1000.000000 -10.000000 -1.000000 -1.000000 -1.000000
7 1 Car 1 0 -2.056039 830.947910 182.324083 1241.000000 374.000000 1.404795 1.612032 3.772344 2.983631 1.488897 5.341851 -1.570796
7 2 Car 0 1 -1.743566 736.204307 176.303390 877.583719 279.847695 1.413269 1.567278 3.158158 2.930891 1.484790 11.484517 -1.500801
7 3 Car 0 0 1.944485 263.637430 193.894437 398.912477 275.852135 1.527328 1.555003 3.576750 -6.044285 2.035091 15.956199 1.587202
7 4 Car 0 1 1.723314 472.537882 186.580904 511.586073 215.142317 1.417371 1.540476 3.504344 -6.313615 2.177792 38.730454 1.562273
7 5 Car 0 1 -1.638266 642.771986 174.414180 677.450613 201.801654 1.512623 1.746309 3.775171 2.861236 1.629020 42.218426 -1.571539
7 6 Car 0 2 1.723713 490.736881 185.553852 525.614953 209.521145 1.360295 1.513462 4.017021 -6.231765 2.163252 44.308765 1.584315
7 95 Car 0 2 -1.139594 250.512415 194.774444 310.214974 221.369778 1.494964 1.698646 4.507233 -20.831972 2.939186 45.738704 -1.565152
7 97 Car 2 0 -1.194569 296.582403 195.427306 348.977868 221.982548 1.500000 1.558375 4.451755 -18.241001 2.993099 45.955815 -1.570857
8 -1 DontCare -1 -1 -10.000000 621.270000 173.780000 641.180000 190.770000 -1000.000000 -1000.000000 -1000.000000 -10.000000 -1.000000 -1.000000 -1.000000
8 -1 DontCare -1 -1 -10.000000 668.560000 169.080000 714.160000 186.540000 -1000.000000 -1000.000000 -1000.000000 -10.000000 -1.000000 -1.000000 -1.000000
8 -1 DontCare -1 -1 -10.000000 796.160000 158.300000 828.460000 181.260000 -1000.000000 -1000.000000 -1000.000000 -10.000000 -1.000000 -1.000000 -1.000000
8 -1 DontCare -1 -1 -10.000000 590.180000 176.320000 634.290000 197.360000 -1000.000000 -1000.000000 -1000.000000 -10.000000 -1.000000 -1.000000 -1.000000
8 -1 DontCare -1 -1 -10.000000 527.860000 175.870000 577.350000 202.070000 -1000.000000 -1000.000000 -1000.000000 -10.000000 -1.000000 -1.000000 -1.000000
8 -1 DontCare -1 -1 -10.000000 574.580000 174.920000 592.080000 193.580000 -1000.000000 -1000.000000 -1000.000000 -10.000000 -1.000000 -1.000000 -1.000000
8 -1 DontCare -1 -1 -10.000000 725.150000 162.480000 747.020000 179.150000 -1000.000000 -1000.000000 -1000.000000 -10.000000 -1.000000 -1.000000 -1.000000
8 1 Car 1 0 -2.152346 870.386570 183.926833 1241.000000 374.000000 1.404795 1.612032 3.772344 2.968742 1.487546 4.205107 -1.570796
8 2 Car 0 1 -1.772973 746.989005 176.936514 911.629823 293.453557 1.413269 1.567278 3.158158 2.925426 1.487280 10.379254 -1.506649
8 3 Car 0 0 1.967376 235.350700 195.965637 385.446271 285.275932 1.527328 1.555003 3.576750 -6.038257 2.051290 14.871207 1.587202
8 4 Car 0 1 1.728024 468.390113 187.388032 508.922037 216.914453 1.417371 1.540476 3.504344 -6.308368 2.200708 37.618516 1.562478
8 5 Car 0 1 -1.640137 643.762081 174.956988 679.507417 203.116496 1.512623 1.746309 3.775171 2.869208 1.656152 41.112910 -1.571446
8 6 Car 0 2 1.727209 487.704831 186.568761 523.720705 211.281868 1.360295 1.513462 4.017021 -6.221408 2.207271 43.196481 1.584520
8 95 Car 0 1 -1.130316 241.160424 195.480455 303.164937 222.842606 1.494964 1.698646 4.507233 -20.832860 2.951587 44.636225 -1.565076
8 97 Car 2 2 -1.185965 288.290390 195.783538 342.709641 223.069069 1.500000 1.558375 4.451755 -18.248407 2.981552 44.843609 -1.570782
9 -1 DontCare -1 -1 -10.000000 505.000000 178.000000 543.000000 206.000000 -1000.000000 -1000.000000 -1000.000000 -10.000000 -1.000000 -1.000000 -1.000000
9 -1 DontCare -1 -1 -10.000000 621.270000 173.780000 641.180000 190.770000 -1000.000000 -1000.000000 -1000.000000 -10.000000 -1.000000 -1.000000 -1.000000
9 -1 DontCare -1 -1 -10.000000 668.560000 169.080000 714.160000 186.540000 -1000.000000 -1000.000000 -1000.000000 -10.000000 -1.000000 -1.000000 -1.000000
9 -1 DontCare -1 -1 -10.000000 796.160000 158.300000 828.460000 181.260000 -1000.000000 -1000.000000 -1000.000000 -10.000000 -1.000000 -1.000000 -1.000000
9 -1 DontCare -1 -1 -10.000000 590.180000 176.320000 634.290000 197.360000 -1000.000000 -1000.000000 -1000.000000 -10.000000 -1.000000 -1.000000 -1.000000
9 -1 DontCare -1 -1 -10.000000 527.860000 175.870000 577.350000 202.070000 -1000.000000 -1000.000000 -1000.000000 -10.000000 -1.000000 -1.000000 -1.000000
9 -1 DontCare -1 -1 -10.000000 574.580000 174.920000 592.080000 193.580000 -1000.000000 -1000.000000 -1000.000000 -10.000000 -1.000000 -1.000000 -1.000000
9 -1 DontCare -1 -1 -10.000000 728.270000 163.520000 750.150000 177.060000 -1000.000000 -1000.000000 -1000.000000 -10.000000 -1.000000 -1.000000 -1.000000
9 1 Car 1 0 -2.289950 927.869552 186.956616 1241.000000 374.000000 1.404795 1.612032 3.772344 2.953903 1.490977 3.068313 -1.570796
9 2 Car 0 0 -1.801913 761.822673 177.669147 956.534375 311.189313 1.413269 1.567278 3.158158 2.934552 1.488704 9.261220 -1.505227
9 3 Car 0 0 1.993283 201.954907 197.236216 370.094851 294.987499 1.527328 1.555003 3.576750 -6.032477 2.043981 13.786462 1.587202
9 4 Car 0 1 1.732695 464.128083 187.590937 506.320216 218.148706 1.417371 1.540476 3.504344 -6.280792 2.187544 36.431527 1.562636
9 5 Car 0 1 -1.642313 644.953822 176.785148 681.850980 205.764521 1.512623 1.746309 3.775171 2.885697 1.749543 40.004100 -1.571353
9 6 Car 0 2 1.731605 483.805105 186.821447 521.107443 212.261945 1.360295 1.513462 4.017021 -6.245685 2.201072 42.058281 1.584580
9 94 Car 0 2 -1.085132 195.091604 200.215372 255.931416 226.340433 1.399088 1.603700 3.967162 -23.453007 3.135628 44.110778 -1.571643
9 95 Car 0 2 -1.120660 231.309216 196.220458 295.775357 224.394085 1.494964 1.698646 4.507233 -20.833747 2.963987 43.533745 -1.565000
9 97 Car 2 2 -1.176992 279.554205 196.157006 336.138021 224.213812 1.500000 1.558375 4.451755 -18.255813 2.970005 43.731403 -1.570706
10 -1 DontCare -1 -1 -10.000000 621.270000 173.780000 641.180000 190.770000 -1000.000000 -1000.000000 -1000.000000 -10.000000 -1.000000 -1.000000 -1.000000
10 -1 DontCare -1 -1 -10.000000 668.560000 169.080000 714.160000 186.540000 -1000.000000 -1000.000000 -1000.000000 -10.000000 -1.000000 -1.000000 -1.000000
10 -1 DontCare -1 -1 -10.000000 796.160000 158.300000 828.460000 181.260000 -1000.000000 -1000.000000 -1000.000000 -10.000000 -1.000000 -1.000000 -1.000000
10 -1 DontCare -1 -1 -10.000000 590.180000 176.320000 634.290000 197.360000 -1000.000000 -1000.000000 -1000.000000 -10.000000 -1.000000 -1.000000 -1.000000
10 -1 DontCare -1 -1 -10.000000 527.860000 175.870000 577.350000 202.070000 -1000.000000 -1000.000000 -1000.000000 -10.000000 -1.000000 -1.000000 -1.000000
10 -1 DontCare -1 -1 -10.000000 574.580000 174.920000 592.080000 193.580000 -1000.000000 -1000.000000 -1000.000000 -10.000000 -1.000000 -1.000000 -1.000000
10 -1 DontCare -1 -1 -10.000000 728.270000 163.520000 750.150000 177.060000 -1000.000000 -1000.000000 -1000.000000 -10.000000 -1.000000 -1.000000 -1.000000
10 1 Car 1 0 -2.492211 1019.427523 192.470549 1241.000000 374.000000 1.404795 1.612032 3.772344 2.939055 1.493477 1.931529 -1.570796
10 2 Car 0 0 -1.838107 780.042083 178.652771 1016.857010 335.097849 1.413269 1.567278 3.158158 2.943679 1.490128 8.143185 -1.503805
10 3 Car 0 0 2.022800 161.946324 199.936325 352.451804 308.273202 1.527328 1.555003 3.576750 -6.026435 2.061560 12.701456 1.587202
10 4 Car 0 1 1.737659 459.564091 187.806855 503.551465 219.470444 1.417371 1.540476 3.504344 -6.253217 2.174381 35.244537 1.562795
10 5 Car 0 1 -1.644161 645.869454 175.086758 683.925056 204.906792 1.512623 1.746309 3.775171 2.884581 1.656448 38.928485 -1.571260
10 6 Car 0 2 1.735609 480.164583 186.905877 518.797792 213.099143 1.360295 1.513462 4.017021 -6.243625 2.184059 40.919824 1.584639
10 94 Car 0 2 -1.074344 183.625575 200.107533 246.988342 226.935447 1.399088 1.603700 3.967162 -23.461704 3.086442 42.991028 -1.571634
10 95 Car 0 2 -1.110603 220.914375 196.387123 288.017496 225.352081 1.494964 1.698646 4.507233 -20.835034 2.938622 42.431661 -1.564925
10 97 Car 2 2 -1.167629 270.337177 196.548993 329.240435 225.421587 1.500000 1.558375 4.451755 -18.263219 2.958458 42.619197 -1.570631
11 -1 DontCare -1 -1 -10.000000 621.270000 173.780000 641.180000 190.770000 -1000.000000 -1000.000000 -1000.000000 -10.000000 -1.000000 -1.000000 -1.000000
11 -1 DontCare -1 -1 -10.000000 683.640000 167.410000 724.380000 186.460000 -1000.000000 -1000.000000 -1000.000000 -10.000000 -1.000000 -1.000000 -1.000000
11 -1 DontCare -1 -1 -10.000000 808.130000 159.990000 838.140000 189.270000 -1000.000000 -1000.000000 -1000.000000 -10.000000 -1.000000 -1.000000 -1.000000
11 -1 DontCare -1 -1 -10.000000 597.780000 179.150000 643.820000 199.070000 -1000.000000 -1000.000000 -1000.000000 -10.000000 -1.000000 -1.000000 -1.000000
11 -1 DontCare -1 -1 -10.000000 517.200000 178.530000 573.920000 205.140000 -1000.000000 -1000.000000 -1000.000000 -10.000000 -1.000000 -1.000000 -1.000000
11 -1 DontCare -1 -1 -10.000000 574.580000 174.920000 592.080000 193.580000 -1000.000000 -1000.000000 -1000.000000 -10.000000 -1.000000 -1.000000 -1.000000
11 -1 DontCare -1 -1 -10.000000 726.280000 159.700000 754.280000 181.710000 -1000.000000 -1000.000000 -1000.000000 -10.000000 -1.000000 -1.000000 -1.000000
11 1 Car 2 0 -2.754874 1179.726572 208.322984 1241.000000 374.000000 1.404795 1.612032 3.772344 2.995308 1.518330 0.924493 -1.570796
11 2 Car 0 0 -1.880636 800.647220 180.057495 1097.156636 368.217521 1.413269 1.567278 3.158158 2.931235 1.492708 7.048795 -1.502323
11 3 Car 0 0 2.057229 112.279667 200.029816 331.600570 320.549276 1.527328 1.555003 3.576750 -6.020347 2.021933 11.599474 1.587202
11 4 Car 0 1 1.743002 454.571418 188.155142 500.385176 220.925646 1.417371 1.540476 3.504344 -6.250126 2.169058 34.150873 1.562795
11 5 Car 0 1 -1.646097 646.814427 175.524145 686.173386 206.292790 1.512623 1.746309 3.775171 2.878930 1.674686 37.786597 -1.571168
11 6 Car 0 2 1.739832 476.304786 186.994908 516.362270 213.986787 1.360295 1.513462 4.017021 -6.241565 2.167045 39.781368 1.584698
11 93 Car 0 2 -1.020303 126.175549 201.866480 199.354910 230.142276 1.429688 1.800000 3.960938 -25.944312 3.186421 41.964981 -1.571476
11 94 Car 0 2 -1.063119 171.516062 199.994189 237.588609 227.563867 1.399088 1.603700 3.967162 -23.470402 3.037256 41.871277 -1.571624
11 95 Car 0 2 -1.100122 209.933580 196.562215 279.867243 226.364101 1.494964 1.698646 4.507233 -20.836321 2.913257 41.329576 -1.564849
11 97 Car 2 2 -1.157851 260.598487 196.960911 321.992013 226.697747 1.500000 1.558375 4.451755 -18.270625 2.946911 41.506990 -1.570555
12 -1 DontCare -1 -1 -10.000000 621.270000 173.780000 641.180000 190.770000 -1000.000000 -1000.000000 -1000.000000 -10.000000 -1.000000 -1.000000 -1.000000
12 -1 DontCare -1 -1 -10.000000 683.640000 167.410000 724.380000 186.460000 -1000.000000 -1000.000000 -1000.000000 -10.000000 -1.000000 -1.000000 -1.000000
12 -1 DontCare -1 -1 -10.000000 808.130000 159.990000 838.140000 189.270000 -1000.000000 -1000.000000 -1000.000000 -10.000000 -1.000000 -1.000000 -1.000000
12 -1 DontCare -1 -1 -10.000000 597.780000 179.150000 643.820000 199.070000 -1000.000000 -1000.000000 -1000.000000 -10.000000 -1.000000 -1.000000 -1.000000
12 -1 DontCare -1 -1 -10.000000 517.200000 178.530000 573.920000 205.140000 -1000.000000 -1000.000000 -1000.000000 -10.000000 -1.000000 -1.000000 -1.000000
12 -1 DontCare -1 -1 -10.000000 574.580000 174.920000 592.080000 193.580000 -1000.000000 -1000.000000 -1000.000000 -10.000000 -1.000000 -1.000000 -1.000000
12 -1 DontCare -1 -1 -10.000000 726.280000 159.700000 754.280000 181.710000 -1000.000000 -1000.000000 -1000.000000 -10.000000 -1.000000 -1.000000 -1.000000
12 2 Car 0 0 -1.936219 827.179908 181.355871 1217.258351 374.000000 1.413269 1.567278 3.158158 2.918791 1.495289 5.954405 -1.500840
12 3 Car 0 0 2.097147 50.094757 201.504595 307.014089 337.852370 1.527328 1.555003 3.576750 -6.014014 2.005542 10.497249 1.587202
12 4 Car 0 1 1.748683 449.230029 188.525299 497.019976 222.482536 1.417371 1.540476 3.504344 -6.247036 2.163735 33.057209 1.562795
12 5 Car 0 1 -1.648158 647.815378 175.990257 688.569444 207.769844 1.512623 1.746309 3.775171 2.873279 1.692924 36.644709 -1.571075
12 6 Car 0 2 1.744293 472.205285 187.088924 513.790300 214.929577 1.360295 1.513462 4.017021 -6.239505 2.150032 38.642911 1.584758
12 93 Car 0 2 -1.008243 112.274398 203.080588 188.651419 232.296019 1.429688 1.800000 3.960938 -25.942455 3.213442 40.844132 -1.571446
12 94 Car 0 2 -1.052100 159.487038 201.114364 228.339972 229.564894 1.399088 1.603700 3.967162 -23.462975 3.063134 40.793001 -1.571559
12 95 Car 0 2 -1.089190 198.315850 196.746390 271.294057 227.434847 1.494964 1.698646 4.507233 -20.837607 2.887892 40.227491 -1.564774
12 97 Car 0 2 -1.147631 250.292555 197.394319 314.365289 228.048268 1.500000 1.558375 4.451755 -18.278031 2.935364 40.394784 -1.570480
13 -1 DontCare -1 -1 -10.000000 621.270000 173.780000 641.180000 190.770000 -1000.000000 -1000.000000 -1000.000000 -10.000000 -1.000000 -1.000000 -1.000000
13 -1 DontCare -1 -1 -10.000000 683.640000 167.410000 724.380000 186.460000 -1000.000000 -1000.000000 -1000.000000 -10.000000 -1.000000 -1.000000 -1.000000
13 -1 DontCare -1 -1 -10.000000 808.130000 159.990000 838.140000 189.270000 -1000.000000 -1000.000000 -1000.000000 -10.000000 -1.000000 -1.000000 -1.000000
13 -1 DontCare -1 -1 -10.000000 607.310000 179.400000 655.050000 199.470000 -1000.000000 -1000.000000 -1000.000000 -10.000000 -1.000000 -1.000000 -1.000000
13 -1 DontCare -1 -1 -10.000000 517.200000 178.530000 573.920000 205.140000 -1000.000000 -1000.000000 -1000.000000 -10.000000 -1.000000 -1.000000 -1.000000
13 -1 DontCare -1 -1 -10.000000 574.580000 174.920000 592.080000 193.580000 -1000.000000 -1000.000000 -1000.000000 -10.000000 -1.000000 -1.000000 -1.000000
13 -1 DontCare -1 -1 -10.000000 726.280000 159.700000 754.280000 181.710000 -1000.000000 -1000.000000 -1000.000000 -10.000000 -1.000000 -1.000000 -1.000000
13 -1 DontCare -1 -1 -10.000000 1005.400000 137.480000 1038.700000 173.940000 -1000.000000 -1000.000000 -1000.000000 -10.000000 -1.000000 -1.000000 -1.000000
13 -1 DontCare -1 -1 -10.000000 597.020000 174.980000 613.690000 189.560000 -1000.000000 -1000.000000 -1000.000000 -10.000000 -1.000000 -1.000000 -1.000000
13 2 Car 1 0 -2.011070 862.627579 183.099075 1241.000000 374.000000 1.413269 1.567278 3.158158 2.906347 1.497869 4.860015 -1.499357
13 3 Car 0 0 2.143818 0.000000 204.948536 277.586305 362.435568 1.527328 1.555003 3.576750 -6.007406 2.015168 9.394752 1.587202
13 4 Car 0 1 1.754736 443.502069 188.919454 493.436513 224.152158 1.417371 1.540476 3.504344 -6.243945 2.158412 31.963545 1.562795
13 5 Car 0 1 -1.650355 648.877433 176.488022 691.128284 209.347231 1.512623 1.746309 3.775171 2.867628 1.711162 35.502821 -1.570982
13 6 Car 0 2 1.749012 467.843037 187.188357 511.070085 215.932817 1.360295 1.513462 4.017021 -6.237445 2.133019 37.504454 1.584817
13 93 Car 0 2 -0.995705 97.548002 204.359931 177.372613 234.577671 1.429688 1.800000 3.960938 -25.940599 3.240464 39.723284 -1.571416
13 94 Car 0 2 -1.040638 146.770829 202.292451 218.613026 231.680279 1.399088 1.603700 3.967162 -23.455548 3.089013 39.714724 -1.571493
13 95 Car 0 2 -1.077938 186.192654 198.299358 262.397692 230.078475 1.494964 1.698646 4.507233 -20.840376 2.941156 39.144381 -1.564692
13 97 Car 0 2 -1.137154 239.618210 197.834258 306.482730 229.423668 1.500000 1.558375 4.451755 -18.295125 2.924378 39.326546 -1.570396
14 -1 DontCare -1 -1 -10.000000 621.270000 173.780000 641.180000 190.770000 -1000.000000 -1000.000000 -1000.000000 -10.000000 -1.000000 -1.000000 -1.000000
14 -1 DontCare -1 -1 -10.000000 683.640000 167.410000 724.380000 186.460000 -1000.000000 -1000.000000 -1000.000000 -10.000000 -1.000000 -1.000000 -1.000000
14 -1 DontCare -1 -1 -10.000000 815.330000 161.740000 847.150000 183.940000 -1000.000000 -1000.000000 -1000.000000 -10.000000 -1.000000 -1.000000 -1.000000
14 -1 DontCare -1 -1 -10.000000 607.310000 179.400000 655.050000 199.470000 -1000.000000 -1000.000000 -1000.000000 -10.000000 -1.000000 -1.000000 -1.000000
14 -1 DontCare -1 -1 -10.000000 517.200000 178.530000 573.920000 205.140000 -1000.000000 -1000.000000 -1000.000000 -10.000000 -1.000000 -1.000000 -1.000000
14 -1 DontCare -1 -1 -10.000000 574.580000 174.920000 592.080000 193.580000 -1000.000000 -1000.000000 -1000.000000 -10.000000 -1.000000 -1.000000 -1.000000
14 -1 DontCare -1 -1 -10.000000 726.280000 159.700000 754.280000 181.710000 -1000.000000 -1000.000000 -1000.000000 -10.000000 -1.000000 -1.000000 -1.000000
14 -1 DontCare -1 -1 -10.000000 597.020000 174.980000 613.690000 189.560000 -1000.000000 -1000.000000 -1000.000000 -10.000000 -1.000000 -1.000000 -1.000000
14 -1 DontCare -1 -1 -10.000000 1013.700000 119.770000 1078.300000 180.190000 -1000.000000 -1000.000000 -1000.000000 -10.000000 -1.000000 -1.000000 -1.000000
14 2 Car 1 0 -2.115373 912.390518 185.562959 1241.000000 374.000000 1.413269 1.567278 3.158158 2.893904 1.500449 3.765625 -1.497874
14 3 Car 0 0 2.198850 0.000000 208.587142 241.712016 374.000000 1.527328 1.555003 3.576750 -6.000880 2.016995 8.292337 1.587202
14 4 Car 0 1 1.761239 437.305834 188.693093 489.578299 225.221462 1.417371 1.540476 3.504344 -6.242465 2.123826 30.870177 1.562795
14 5 Car 0 1 -1.652214 649.677786 175.549120 693.432551 209.510698 1.512623 1.746309 3.775171 2.848252 1.663317 34.411106 -1.570889
14 6 Car 0 2 1.754013 463.191946 187.293689 508.188427 217.002514 1.360295 1.513462 4.017021 -6.235384 2.116005 36.365998 1.584876
14 7 Car 0 1 1.704198 492.614085 179.871280 528.516060 209.586312 1.736870 1.652467 4.107704 -6.127454 2.181764 44.651044 1.568120
14 93 Car 0 2 -0.982803 82.082664 203.673627 165.590543 234.730650 1.429688 1.800000 3.960938 -25.939953 3.153455 38.615346 -1.571386
14 94 Car 0 2 -1.028581 133.177377 202.421471 208.239920 232.681988 1.399088 1.603700 3.967162 -23.459314 3.052573 38.643436 -1.571428
14 95 Car 0 2 -1.066231 173.362081 198.223491 253.043942 230.953125 1.494964 1.698646 4.507233 -20.842476 2.898754 38.062260 -1.564611
14 97 Car 0 2 -1.126208 228.311322 198.297406 298.184180 230.880608 1.500000 1.558375 4.451755 -18.312219 2.913393 38.258307 -1.570312
15 -1 DontCare -1 -1 -10.000000 618.490000 179.210000 668.650000 198.610000 -1000.000000 -1000.000000 -1000.000000 -10.000000 -1.000000 -1.000000 -1.000000
15 -1 DontCare -1 -1 -10.000000 683.640000 167.410000 724.380000 186.460000 -1000.000000 -1000.000000 -1000.000000 -10.000000 -1.000000 -1.000000 -1.000000
15 -1 DontCare -1 -1 -10.000000 815.330000 161.740000 847.150000 183.940000 -1000.000000 -1000.000000 -1000.000000 -10.000000 -1.000000 -1.000000 -1.000000
15 -1 DontCare -1 -1 -10.000000 517.200000 178.530000 573.920000 205.140000 -1000.000000 -1000.000000 -1000.000000 -10.000000 -1.000000 -1.000000 -1.000000
15 -1 DontCare -1 -1 -10.000000 574.580000 174.920000 592.080000 193.580000 -1000.000000 -1000.000000 -1000.000000 -10.000000 -1.000000 -1.000000 -1.000000
15 -1 DontCare -1 -1 -10.000000 726.280000 159.700000 754.280000 181.710000 -1000.000000 -1000.000000 -1000.000000 -10.000000 -1.000000 -1.000000 -1.000000
15 -1 DontCare -1 -1 -10.000000 1068.900000 117.690000 1132.400000 188.520000 -1000.000000 -1000.000000 -1000.000000 -10.000000 -1.000000 -1.000000 -1.000000
15 -1 DontCare -1 -1 -10.000000 598.060000 172.900000 614.730000 187.480000 -1000.000000 -1000.000000 -1000.000000 -10.000000 -1.000000 -1.000000 -1.000000
15 2 Car 1 0 -2.265777 987.334223 189.536469 1241.000000 374.000000 1.413269 1.567278 3.158158 2.881460 1.503030 2.671235 -1.496391
15 3 Car 1 0 2.264268 0.000000 214.966135 197.026180 374.000000 1.527328 1.555003 3.576750 -5.994112 2.041810 7.189681 1.587202
15 4 Car 0 1 1.768196 430.626312 188.451045 485.452567 226.374212 1.417371 1.540476 3.504344 -6.240986 2.089240 29.776808 1.562795
15 5 Car 0 1 -1.654198 650.527744 174.545031 695.896884 209.685518 1.512623 1.746309 3.775171 2.828875 1.615472 33.319391 -1.570796
15 6 Car 0 2 1.759059 458.419873 186.276591 505.306333 216.880011 1.360295 1.513462 4.017021 -6.224321 2.040734 35.228012 1.584936
15 7 Car 0 1 1.707585 489.590898 179.454517 526.622215 209.943253 1.736870 1.652467 4.107704 -6.125985 2.147251 43.569652 1.568238
15 93 Car 0 2 -0.969931 66.413817 204.448532 153.773829 236.535111 1.429688 1.800000 3.960938 -25.922985 3.149794 37.535652 -1.571268
15 94 Car 0 2 -1.016032 118.765979 202.557478 197.304960 233.743996 1.399088 1.603700 3.967162 -23.463080 3.016132 37.572149 -1.571363
15 95 Car 0 1 -1.054007 159.732480 198.143439 243.174142 231.882268 1.494964 1.698646 4.507233 -20.844576 2.856352 36.980138 -1.564529
15 97 Car 0 2 -1.114764 216.313949 198.785648 289.435816 232.426559 1.500000 1.558375 4.451755 -18.329314 2.902408 37.190068 -1.570229
16 -1 DontCare -1 -1 -10.000000 621.270000 173.780000 641.180000 190.770000 -1000.000000 -1000.000000 -1000.000000 -10.000000 -1.000000 -1.000000 -1.000000
16 -1 DontCare -1 -1 -10.000000 683.640000 167.410000 724.380000 186.460000 -1000.000000 -1000.000000 -1000.000000 -10.000000 -1.000000 -1.000000 -1.000000
16 -1 DontCare -1 -1 -10.000000 819.860000 156.150000 857.240000 185.300000 -1000.000000 -1000.000000 -1000.000000 -10.000000 -1.000000 -1.000000 -1.000000
16 -1 DontCare -1 -1 -10.000000 627.500000 179.690000 668.390000 197.020000 -1000.000000 -1000.000000 -1000.000000 -10.000000 -1.000000 -1.000000 -1.000000
16 -1 DontCare -1 -1 -10.000000 517.200000 178.530000 573.920000 205.140000 -1000.000000 -1000.000000 -1000.000000 -10.000000 -1.000000 -1.000000 -1.000000
16 -1 DontCare -1 -1 -10.000000 574.580000 174.920000 592.080000 193.580000 -1000.000000 -1000.000000 -1000.000000 -10.000000 -1.000000 -1.000000 -1.000000
16 -1 DontCare -1 -1 -10.000000 730.440000 157.730000 780.030000 181.190000 -1000.000000 -1000.000000 -1000.000000 -10.000000 -1.000000 -1.000000 -1.000000
16 -1 DontCare -1 -1 -10.000000 597.020000 174.980000 613.690000 189.560000 -1000.000000 -1000.000000 -1000.000000 -10.000000 -1.000000 -1.000000 -1.000000
16 -1 DontCare -1 -1 -10.000000 1101.500000 121.790000 1198.100000 182.880000 -1000.000000 -1000.000000 -1000.000000 -10.000000 -1.000000 -1.000000 -1.000000
16 -1 DontCare -1 -1 -10.000000 986.600000 121.850000 1059.500000 185.400000 -1000.000000 -1000.000000 -1000.000000 -10.000000 -1.000000 -1.000000 -1.000000
16 3 Car 1 0 2.336894 0.000000 217.313832 145.059746 374.000000 1.527328 1.555003 3.576750 -5.954008 2.005382 6.124124 1.587202
16 4 Car 0 1 1.774834 424.114331 188.810561 481.597216 228.273078 1.417371 1.540476 3.504344 -6.221354 2.081500 28.715918 1.562795
16 5 Car 0 1 -1.656920 651.810996 174.299941 698.910877 210.656814 1.512623 1.746309 3.775171 2.829932 1.602681 32.267578 -1.570796
16 6 Car 0 2 1.763897 453.740746 186.794964 502.556558 218.500642 1.360295 1.513462 4.017021 -6.204578 2.046434 34.138190 1.584936
16 7 Car 0 1 1.711134 486.406096 179.015473 524.636415 210.319284 1.736870 1.652467 4.107704 -6.124516 2.112739 42.488260 1.568356
16 93 Car 0 1 -0.956549 49.764142 205.266956 141.293226 238.452576 1.429688 1.800000 3.960938 -25.906016 3.146133 36.455957 -1.571150
16 94 Car 0 2 -1.002963 103.460518 202.701053 185.761228 234.871918 1.399088 1.603700 3.967162 -23.466846 2.979692 36.500862 -1.571297
16 95 Car 0 1 -1.041234 145.226811 198.058848 232.744375 232.871161 1.494964 1.698646 4.507233 -20.846677 2.813951 35.898017 -1.564447
16 97 Car 0 2 -1.102789 203.560851 199.301081 280.200049 234.069937 1.500000 1.558375 4.451755 -18.346408 2.891423 36.121830 -1.570145
17 -1 DontCare -1 -1 -10.000000 621.270000 173.780000 641.180000 190.770000 -1000.000000 -1000.000000 -1000.000000 -10.000000 -1.000000 -1.000000 -1.000000
17 -1 DontCare -1 -1 -10.000000 683.640000 167.410000 724.380000 186.460000 -1000.000000 -1000.000000 -1000.000000 -10.000000 -1.000000 -1.000000 -1.000000
17 -1 DontCare -1 -1 -10.000000 824.720000 158.450000 862.520000 181.890000 -1000.000000 -1000.000000 -1000.000000 -10.000000 -1.000000 -1.000000 -1.000000
17 -1 DontCare -1 -1 -10.000000 517.200000 178.530000 573.920000 205.140000 -1000.000000 -1000.000000 -1000.000000 -10.000000 -1.000000 -1.000000 -1.000000
17 -1 DontCare -1 -1 -10.000000 574.580000 174.920000 592.080000 193.580000 -1000.000000 -1000.000000 -1000.000000 -10.000000 -1.000000 -1.000000 -1.000000
17 -1 DontCare -1 -1 -10.000000 730.440000 157.730000 780.030000 181.190000 -1000.000000 -1000.000000 -1000.000000 -10.000000 -1.000000 -1.000000 -1.000000
17 -1 DontCare -1 -1 -10.000000 597.020000 174.980000 613.690000 189.560000 -1000.000000 -1000.000000 -1000.000000 -10.000000 -1.000000 -1.000000 -1.000000
17 -1 DontCare -1 -1 -10.000000 1146.700000 129.500000 1242.000000 170.070000 -1000.000000 -1000.000000 -1000.000000 -10.000000 -1.000000 -1.000000 -1.000000
17 -1 DontCare -1 -1 -10.000000 998.120000 130.880000 1097.100000 180.800000 -1000.000000 -1000.000000 -1000.000000 -10.000000 -1.000000 -1.000000 -1.000000
17 -1 DontCare -1 -1 -10.000000 1.000000 206.330000 111.970000 375.000000 -1000.000000 -1000.000000 -1000.000000 -10.000000 -1.000000 -1.000000 -1.000000
17 -1 DontCare -1 -1 -10.000000 633.480000 174.980000 670.980000 195.810000 -1000.000000 -1000.000000 -1000.000000 -10.000000 -1.000000 -1.000000 -1.000000
17 3 Car 1 0 2.424193 0.000000 227.562603 76.872188 374.000000 1.527328 1.555003 3.576750 -5.913185 2.037004 5.057855 1.587202
17 4 Car 0 1 1.781954 417.069173 189.195996 477.463777 230.327506 1.417371 1.540476 3.504344 -6.201722 2.073760 27.655028 1.562795
17 5 Car 0 1 -1.659822 653.175749 174.037281 702.141034 211.697770 1.512623 1.746309 3.775171 2.830988 1.589890 31.215765 -1.570796
17 6 Car 0 2 1.769042 448.733343 187.345561 499.635775 220.235023 1.360295 1.513462 4.017021 -6.184836 2.052133 33.048369 1.584936
17 7 Car 0 1 1.714857 483.046364 178.552311 522.551793 210.715978 1.736870 1.652467 4.107704 -6.123047 2.078226 41.406869 1.568474
17 93 Car 0 1 -0.942630 32.038569 206.132671 128.091170 240.494002 1.429688 1.800000 3.960938 -25.889047 3.142472 35.376263 -1.571032
17 94 Car 0 2 -0.989469 87.356592 204.626002 173.719531 238.055808 1.399088 1.603700 3.967162 -23.462503 3.035257 35.430066 -1.571197
17 95 Car 0 1 -1.027738 129.618395 200.068220 221.585722 236.316584 1.494964 1.698646 4.507233 -20.854353 2.879377 34.814813 -1.564366
17 97 Car 0 0 -1.090250 189.978298 199.846041 270.434978 235.820249 1.500000 1.558375 4.451755 -18.363502 2.880438 35.053591 -1.570062
18 -1 DontCare -1 -1 -10.000000 621.270000 173.780000 641.180000 190.770000 -1000.000000 -1000.000000 -1000.000000 -10.000000 -1.000000 -1.000000 -1.000000
18 -1 DontCare -1 -1 -10.000000 683.640000 167.410000 724.380000 186.460000 -1000.000000 -1000.000000 -1000.000000 -10.000000 -1.000000 -1.000000 -1.000000
18 -1 DontCare -1 -1 -10.000000 827.480000 157.000000 870.060000 184.380000 -1000.000000 -1000.000000 -1000.000000 -10.000000 -1.000000 -1.000000 -1.000000
18 -1 DontCare -1 -1 -10.000000 517.200000 178.530000 573.920000 205.140000 -1000.000000 -1000.000000 -1000.000000 -10.000000 -1.000000 -1.000000 -1.000000
18 -1 DontCare -1 -1 -10.000000 574.580000 174.920000 592.080000 193.580000 -1000.000000 -1000.000000 -1000.000000 -10.000000 -1.000000 -1.000000 -1.000000
18 -1 DontCare -1 -1 -10.000000 730.440000 157.730000 780.030000 181.190000 -1000.000000 -1000.000000 -1000.000000 -10.000000 -1.000000 -1.000000 -1.000000
18 -1 DontCare -1 -1 -10.000000 597.020000 174.980000 613.690000 189.560000 -1000.000000 -1000.000000 -1000.000000 -10.000000 -1.000000 -1.000000 -1.000000
18 -1 DontCare -1 -1 -10.000000 1206.200000 122.480000 1242.000000 169.850000 -1000.000000 -1000.000000 -1000.000000 -10.000000 -1.000000 -1.000000 -1.000000
18 -1 DontCare -1 -1 -10.000000 636.600000 178.100000 672.020000 196.850000 -1000.000000 -1000.000000 -1000.000000 -10.000000 -1.000000 -1.000000 -1.000000
18 4 Car 0 1 1.789612 409.422563 189.610258 473.021036 232.557426 1.417371 1.540476 3.504344 -6.182090 2.066020 26.594137 1.562795
18 5 Car 0 1 -1.662923 654.630022 173.755095 705.611476 212.816161 1.512623 1.746309 3.775171 2.832045 1.577099 30.163952 -1.570796
18 6 Car 0 2 1.774524 443.361864 187.931484 496.527523 222.095568 1.360295 1.513462 4.017021 -6.165094 2.057832 31.958547 1.584936
18 7 Car 0 1 1.718769 479.516548 180.328540 520.379766 213.403003 1.736870 1.652467 4.107704 -6.120308 2.163941 40.324220 1.568592
18 92 Van 0 1 0.944804 1010.988227 131.643804 1106.029715 176.736584 2.299790 2.017562 4.728489 24.588307 0.190570 39.822140 1.494732
18 93 Car 0 1 -0.927906 12.841295 208.231950 113.848265 243.999960 1.429688 1.800000 3.960938 -25.884472 3.198241 34.295948 -1.570914
18 94 Car 0 2 -0.975402 70.188072 206.664339 160.968248 241.450274 1.399088 1.603700 3.967162 -23.458160 3.090823 34.359271 -1.571097
18 95 Car 0 1 -1.014276 113.606429 200.568790 210.281098 238.110872 1.494964 1.698646 4.507233 -20.847302 2.864301 33.752582 -1.564344
19 -1 DontCare -1 -1 -10.000000 621.270000 173.780000 641.180000 190.770000 -1000.000000 -1000.000000 -1000.000000 -10.000000 -1.000000 -1.000000 -1.000000
19 -1 DontCare -1 -1 -10.000000 683.640000 167.410000 724.380000 186.460000 -1000.000000 -1000.000000 -1000.000000 -10.000000 -1.000000 -1.000000 -1.000000
19 -1 DontCare -1 -1 -10.000000 827.480000 157.000000 870.060000 184.380000 -1000.000000 -1000.000000 -1000.000000 -10.000000 -1.000000 -1.000000 -1.000000
19 -1 DontCare -1 -1 -10.000000 517.200000 178.530000 573.920000 205.140000 -1000.000000 -1000.000000 -1000.000000 -10.000000 -1.000000 -1.000000 -1.000000
19 -1 DontCare -1 -1 -10.000000 574.580000 174.920000 592.080000 193.580000 -1000.000000 -1000.000000 -1000.000000 -10.000000 -1.000000 -1.000000 -1.000000
19 -1 DontCare -1 -1 -10.000000 730.440000 157.730000 780.030000 181.190000 -1000.000000 -1000.000000 -1000.000000 -10.000000 -1.000000 -1.000000 -1.000000
19 -1 DontCare -1 -1 -10.000000 597.020000 174.980000 613.690000 189.560000 -1000.000000 -1000.000000 -1000.000000 -10.000000 -1.000000 -1.000000 -1.000000
19 -1 DontCare -1 -1 -10.000000 1100.100000 116.650000 1201.200000 178.100000 -1000.000000 -1000.000000 -1000.000000 -10.000000 -1.000000 -1.000000 -1.000000
19 4 Car 0 1 1.799300 399.925119 192.185426 467.216777 237.433342 1.417371 1.540476 3.504344 -6.200671 2.138818 25.532102 1.562795
19 5 Car 0 1 -1.666808 656.605551 175.698378 709.802736 216.247564 1.512623 1.746309 3.775171 2.852231 1.649216 29.126873 -1.570796
19 6 Car 0 2 1.780576 437.437574 190.136659 493.084606 225.897225 1.360295 1.513462 4.017021 -6.151101 2.135541 30.868066 1.584936
19 7 Car 0 1 1.722883 475.781331 182.029379 518.093851 216.246464 1.736870 1.652467 4.107704 -6.117569 2.249655 39.241572 1.568710
19 9 Car 0 2 1.716667 494.908646 183.474993 529.925088 210.365690 1.609242 1.638189 3.997999 -6.211518 2.305718 46.101175 1.582985
19 92 Van 0 0 0.933202 1021.254329 132.234669 1120.278926 178.404696 2.299790 2.017562 4.728489 24.593724 0.279915 38.781789 1.494984
19 93 Car 0 3 -0.912584 0.000000 210.460049 98.730989 247.667867 1.429688 1.800000 3.960938 -25.879897 3.254009 33.215632 -1.570796
19 94 Car 0 2 -0.960729 51.845782 208.826384 147.442754 245.076919 1.399088 1.603700 3.967162 -23.453817 3.146388 33.288475 -1.570997
19 95 Car 0 1 -1.000188 96.486522 203.542637 198.300378 242.836788 1.494964 1.698646 4.507233 -20.839001 2.967523 32.689114 -1.564323
20 -1 DontCare -1 -1 -10.000000 621.270000 173.780000 641.180000 190.770000 -1000.000000 -1000.000000 -1000.000000 -10.000000 -1.000000 -1.000000 -1.000000
20 -1 DontCare -1 -1 -10.000000 845.800000 162.170000 884.130000 183.640000 -1000.000000 -1000.000000 -1000.000000 -10.000000 -1.000000 -1.000000 -1.000000
20 -1 DontCare -1 -1 -10.000000 517.200000 178.530000 573.920000 205.140000 -1000.000000 -1000.000000 -1000.000000 -10.000000 -1.000000 -1.000000 -1.000000
20 -1 DontCare -1 -1 -10.000000 574.580000 174.920000 592.080000 193.580000 -1000.000000 -1000.000000 -1000.000000 -10.000000 -1.000000 -1.000000 -1.000000
20 -1 DontCare -1 -1 -10.000000 730.440000 157.730000 780.030000 181.190000 -1000.000000 -1000.000000 -1000.000000 -10.000000 -1.000000 -1.000000 -1.000000
20 -1 DontCare -1 -1 -10.000000 597.020000 174.980000 613.690000 189.560000 -1000.000000 -1000.000000 -1000.000000 -10.000000 -1.000000 -1.000000 -1.000000
20 -1 DontCare -1 -1 -10.000000 1111.100000 116.550000 1236.200000 179.110000 -1000.000000 -1000.000000 -1000.000000 -10.000000 -1.000000 -1.000000 -1.000000
20 -1 DontCare -1 -1 -10.000000 677.230000 166.650000 719.940000 184.350000 -1000.000000 -1000.000000 -1000.000000 -10.000000 -1.000000 -1.000000 -1.000000
20 4 Car 0 1 1.809768 389.540142 194.969003 460.942514 242.765209 1.417371 1.540476 3.504344 -6.219252 2.211616 24.470066 1.562795
20 5 Car 0 1 -1.670973 658.717684 177.795383 714.325740 219.950565 1.512623 1.746309 3.775171 2.872416 1.721333 28.089794 -1.570796
20 6 Car 0 2 1.787052 431.048466 192.493111 489.405396 229.997312 1.360295 1.513462 4.017021 -6.137108 2.213250 29.777585 1.584936
20 7 Car 0 1 1.726127 472.918717 183.358411 516.434834 218.533515 1.736870 1.652467 4.107704 -6.102431 2.313290 38.384689 1.568964
20 9 Car 0 2 1.721174 490.941481 183.247514 527.079709 210.780431 1.609242 1.638189 3.997999 -6.279671 2.275251 45.039158 1.582932
20 92 Van 0 0 0.921140 1032.053637 132.860189 1135.364415 180.159500 2.299790 2.017562 4.728489 24.599141 0.369261 37.741437 1.495236
20 93 Car 0 3 -0.897078 0.000000 210.826781 83.037043 249.135591 1.429688 1.800000 3.960938 -25.889890 3.217404 32.180028 -1.570720
20 94 Car 0 2 -0.945418 32.205089 211.123753 133.070331 248.960409 1.399088 1.603700 3.967162 -23.449474 3.201954 32.217679 -1.570897
20 95 Car 0 1 -0.985435 78.127941 206.703116 185.567430 247.904819 1.494964 1.698646 4.507233 -20.830701 3.070744 31.625646 -1.564301
21 -1 DontCare -1 -1 -10.000000 621.270000 173.780000 641.180000 190.770000 -1000.000000 -1000.000000 -1000.000000 -10.000000 -1.000000 -1.000000 -1.000000
21 -1 DontCare -1 -1 -10.000000 845.800000 162.170000 884.130000 183.640000 -1000.000000 -1000.000000 -1000.000000 -10.000000 -1.000000 -1.000000 -1.000000
21 -1 DontCare -1 -1 -10.000000 517.200000 178.530000 573.920000 205.140000 -1000.000000 -1000.000000 -1000.000000 -10.000000 -1.000000 -1.000000 -1.000000
21 -1 DontCare -1 -1 -10.000000 574.580000 174.920000 592.080000 193.580000 -1000.000000 -1000.000000 -1000.000000 -10.000000 -1.000000 -1.000000 -1.000000
21 -1 DontCare -1 -1 -10.000000 730.440000 157.730000 780.030000 181.190000 -1000.000000 -1000.000000 -1000.000000 -10.000000 -1.000000 -1.000000 -1.000000
21 -1 DontCare -1 -1 -10.000000 597.020000 174.980000 613.690000 189.560000 -1000.000000 -1000.000000 -1000.000000 -10.000000 -1.000000 -1.000000 -1.000000
21 -1 DontCare -1 -1 -10.000000 1111.100000 116.550000 1236.200000 179.110000 -1000.000000 -1000.000000 -1000.000000 -10.000000 -1.000000 -1.000000 -1.000000
21 -1 DontCare -1 -1 -10.000000 677.230000 166.650000 719.940000 184.350000 -1000.000000 -1000.000000 -1000.000000 -10.000000 -1.000000 -1.000000 -1.000000
21 4 Car 0 1 1.820178 378.884136 194.869909 454.801982 245.009758 1.417371 1.540476 3.504344 -6.213265 2.175402 23.401353 1.562795
21 5 Car 0 1 -1.674840 660.499546 176.507836 718.736947 220.451739 1.512623 1.746309 3.775171 2.871153 1.669140 27.022666 -1.570796
21 6 Car 0 2 1.793859 424.292500 191.913500 485.479578 230.775254 1.360295 1.513462 4.017021 -6.132826 2.160495 28.747255 1.584936
21 7 Car 0 1 1.730904 468.647233 182.402436 513.809655 218.534649 1.736870 1.652467 4.107704 -6.107857 2.245507 37.313039 1.569217
21 9 Car 0 2 1.725894 486.773718 183.009528 524.102862 211.216152 1.609242 1.638189 3.997999 -6.347824 2.244785 43.977141 1.582880
21 92 Van 0 0 0.911814 1043.828081 132.111517 1151.652875 180.786337 2.299790 2.017562 4.728489 24.608966 0.392479 36.681859 1.499050
21 93 Car 0 3 -0.880963 0.000000 211.216434 66.361803 249.937766 1.429688 1.800000 3.960938 -25.899882 3.180799 31.144425 -1.570643
21 94 Car 0 2 -0.928815 10.367573 209.635067 117.097380 248.654924 1.399088 1.603700 3.967162 -23.477258 3.076864 31.148777 -1.570796
21 95 Car 0 1 -0.969876 58.248641 205.123337 171.900408 247.626924 1.494964 1.698646 4.507233 -20.824822 2.948792 30.558022 -1.564280
22 -1 DontCare -1 -1 -10.000000 621.270000 173.780000 641.180000 190.770000 -1000.000000 -1000.000000 -1000.000000 -10.000000 -1.000000 -1.000000 -1.000000
22 -1 DontCare -1 -1 -10.000000 861.660000 158.630000 891.240000 185.870000 -1000.000000 -1000.000000 -1000.000000 -10.000000 -1.000000 -1.000000 -1.000000
22 -1 DontCare -1 -1 -10.000000 517.200000 178.530000 573.920000 205.140000 -1000.000000 -1000.000000 -1000.000000 -10.000000 -1.000000 -1.000000 -1.000000
22 -1 DontCare -1 -1 -10.000000 566.480000 177.320000 592.870000 193.560000 -1000.000000 -1000.000000 -1000.000000 -10.000000 -1.000000 -1.000000 -1.000000
22 -1 DontCare -1 -1 -10.000000 733.450000 151.830000 824.070000 181.580000 -1000.000000 -1000.000000 -1000.000000 -10.000000 -1.000000 -1.000000 -1.000000
22 -1 DontCare -1 -1 -10.000000 597.020000 174.980000 613.690000 189.560000 -1000.000000 -1000.000000 -1000.000000 -10.000000 -1.000000 -1.000000 -1.000000
22 -1 DontCare -1 -1 -10.000000 1139.200000 113.390000 1242.000000 178.770000 -1000.000000 -1000.000000 -1000.000000 -10.000000 -1.000000 -1.000000 -1.000000
22 4 Car 0 1 1.831506 367.122054 194.762029 448.116700 247.487455 1.417371 1.540476 3.504344 -6.207279 2.139188 22.332640 1.562795
22 5 Car 0 1 -1.679019 662.417902 175.106202 723.539279 220.997350 1.512623 1.746309 3.775171 2.869891 1.616946 25.955537 -1.570796
22 6 Car 0 1 1.801145 416.995600 191.293717 481.281533 231.615518 1.360295 1.513462 4.017021 -6.128544 2.107740 27.716924 1.584936
22 7 Car 0 1 1.735939 464.108170 181.392978 511.037534 218.535855 1.736870 1.652467 4.107704 -6.113283 2.177723 36.241389 1.569471
22 9 Car 0 2 1.728515 484.189682 181.831995 522.626976 210.656069 1.609242 1.638189 3.997999 -6.313718 2.156514 42.914453 1.582827
22 92 Van 0 0 0.901958 1056.258126 131.315136 1168.980296 181.524132 2.299790 2.017562 4.728489 24.618791 0.415697 35.622280 1.502863
22 94 Car 0 3 -0.913346 0.000000 208.766549 101.669543 248.901291 1.399088 1.603700 3.967162 -23.497986 2.988348 30.172003 -1.570943
22 95 Car 0 1 -0.953557 36.812298 203.437335 157.313974 247.327251 1.494964 1.698646 4.507233 -20.818943 2.826839 29.490397 -1.564258
23 -1 DontCare -1 -1 -10.000000 621.270000 173.780000 641.180000 190.770000 -1000.000000 -1000.000000 -1000.000000 -10.000000 -1.000000 -1.000000 -1.000000
23 -1 DontCare -1 -1 -10.000000 534.040000 173.250000 570.690000 200.220000 -1000.000000 -1000.000000 -1000.000000 -10.000000 -1.000000 -1.000000 -1.000000
23 -1 DontCare -1 -1 -10.000000 566.480000 176.650000 592.190000 195.590000 -1000.000000 -1000.000000 -1000.000000 -10.000000 -1.000000 -1.000000 -1.000000
23 -1 DontCare -1 -1 -10.000000 733.450000 151.830000 824.070000 181.580000 -1000.000000 -1000.000000 -1000.000000 -10.000000 -1.000000 -1.000000 -1.000000
23 -1 DontCare -1 -1 -10.000000 597.020000 174.980000 613.690000 189.560000 -1000.000000 -1000.000000 -1000.000000 -10.000000 -1.000000 -1.000000 -1.000000
23 -1 DontCare -1 -1 -10.000000 1139.200000 113.390000 1242.000000 178.770000 -1000.000000 -1000.000000 -1000.000000 -10.000000 -1.000000 -1.000000 -1.000000
23 -1 DontCare -1 -1 -10.000000 873.060000 159.350000 897.020000 184.350000 -1000.000000 -1000.000000 -1000.000000 -10.000000 -1.000000 -1.000000 -1.000000
23 4 Car 0 1 1.843877 354.072256 194.644140 440.810812 250.236617 1.417371 1.540476 3.504344 -6.201292 2.102975 21.263927 1.562795
23 5 Car 0 1 -1.684006 664.822378 175.390092 729.177117 223.411560 1.512623 1.746309 3.775171 2.880959 1.622670 24.887799 -1.570796
23 6 Car 0 1 1.808962 409.090090 190.629435 476.781929 232.525907 1.360295 1.513462 4.017021 -6.124262 2.054986 26.686593 1.584936
23 7 Car 0 1 1.741255 459.275573 180.315899 508.105780 218.537138 1.736870 1.652467 4.107704 -6.118709 2.109939 35.169739 1.569725
23 9 Car 0 2 1.731269 481.467935 180.597405 521.079547 210.066125 1.609242 1.638189 3.997999 -6.279612 2.068243 41.851764 1.582775
23 92 Van 0 0 0.891546 1069.400067 130.466332 1187.449400 182.333245 2.299790 2.017562 4.728489 24.628616 0.438915 34.562702 1.506677
23 94 Car 0 3 -0.897246 0.000000 207.843649 85.275258 249.046766 1.399088 1.603700 3.967162 -23.518714 2.899831 29.195230 -1.571090
23 95 Car 0 1 -0.936512 14.097851 203.391778 142.011181 249.013125 1.494964 1.698646 4.507233 -20.819449 2.780868 28.451608 -1.563992
24 -1 DontCare -1 -1 -10.000000 615.550000 172.360000 649.300000 193.020000 -1000.000000 -1000.000000 -1000.000000 -10.000000 -1.000000 -1.000000 -1.000000
24 -1 DontCare -1 -1 -10.000000 517.200000 178.530000 573.920000 205.140000 -1000.000000 -1000.000000 -1000.000000 -10.000000 -1.000000 -1.000000 -1.000000
24 -1 DontCare -1 -1 -10.000000 561.750000 178.000000 593.550000 196.270000 -1000.000000 -1000.000000 -1000.000000 -10.000000 -1.000000 -1.000000 -1.000000
24 -1 DontCare -1 -1 -10.000000 733.450000 151.830000 824.070000 181.580000 -1000.000000 -1000.000000 -1000.000000 -10.000000 -1.000000 -1.000000 -1.000000
24 -1 DontCare -1 -1 -10.000000 597.020000 174.980000 613.690000 189.560000 -1000.000000 -1000.000000 -1000.000000 -10.000000 -1.000000 -1.000000 -1.000000
24 -1 DontCare -1 -1 -10.000000 1167.500000 118.260000 1242.000000 180.700000 -1000.000000 -1000.000000 -1000.000000 -10.000000 -1.000000 -1.000000 -1.000000
24 4 Car 0 1 1.857436 339.511029 194.514783 432.793695 253.304444 1.417371 1.540476 3.504344 -6.195306 2.066761 20.195214 1.562795
24 5 Car 0 1 -1.688524 666.792225 174.328965 734.618627 224.686174 1.512623 1.746309 3.775171 2.869450 1.586636 23.820504 -1.570796
24 6 Car 0 1 1.817842 400.110495 190.953144 471.617198 234.729243 1.360295 1.513462 4.017021 -6.132580 2.042011 25.656034 1.584936
24 7 Car 0 1 1.745963 454.852650 179.352104 505.650103 218.850791 1.736870 1.652467 4.107704 -6.091553 2.056018 34.097974 1.569978
24 9 Car 0 2 1.736164 477.056213 181.399999 518.057241 211.758617 1.609242 1.638189 3.997999 -6.328357 2.104439 40.788785 1.582722
24 92 Van 0 0 0.880549 1083.316832 129.559750 1207.176904 183.197342 2.299790 2.017562 4.728489 24.638442 0.462133 33.503123 1.510491
24 94 Car 0 3 -0.880486 0.000000 206.861096 67.820778 247.796146 1.399088 1.603700 3.967162 -23.539442 2.811314 28.218456 -1.571237
24 95 Car 0 3 -0.918652 0.000000 203.343030 125.636344 250.734708 1.494964 1.698646 4.507233 -20.819954 2.734897 27.412819 -1.563726
25 -1 DontCare -1 -1 -10.000000 615.550000 172.360000 649.300000 193.020000 -1000.000000 -1000.000000 -1000.000000 -10.000000 -1.000000 -1.000000 -1.000000
25 -1 DontCare -1 -1 -10.000000 517.200000 178.530000 573.920000 205.140000 -1000.000000 -1000.000000 -1000.000000 -10.000000 -1.000000 -1.000000 -1.000000
25 -1 DontCare -1 -1 -10.000000 561.750000 177.320000 594.220000 194.240000 -1000.000000 -1000.000000 -1000.000000 -10.000000 -1.000000 -1.000000 -1.000000
25 -1 DontCare -1 -1 -10.000000 733.450000 151.830000 824.070000 181.580000 -1000.000000 -1000.000000 -1000.000000 -10.000000 -1.000000 -1.000000 -1.000000
25 -1 DontCare -1 -1 -10.000000 597.020000 174.980000 613.690000 189.560000 -1000.000000 -1000.000000 -1000.000000 -10.000000 -1.000000 -1.000000 -1.000000
25 -1 DontCare -1 -1 -10.000000 718.900000 169.770000 764.730000 191.650000 -1000.000000 -1000.000000 -1000.000000 -10.000000 -1.000000 -1.000000 -1.000000
25 4 Car 0 0 1.872359 323.159648 194.372198 423.956177 256.749750 1.417371 1.540476 3.504344 -6.189319 2.030548 19.126500 1.562795
25 5 Car 0 1 -1.694457 669.636322 175.007288 741.450256 227.941888 1.512623 1.746309 3.775171 2.881944 1.604086 22.752644 -1.570796
25 6 Car 0 1 1.827415 390.313591 191.301899 466.052659 237.133250 1.360295 1.513462 4.017021 -6.140898 2.029037 24.625475 1.584936
25 7 Car 0 1 1.751145 449.983085 180.205429 502.921248 221.072204 1.736870 1.652467 4.107704 -6.070256 2.083007 33.025360 1.570232
25 9 Car 0 2 1.739901 473.866251 182.467640 516.231676 213.786024 1.609242 1.638189 3.997999 -6.301193 2.153744 39.735840 1.583143
25 92 Van 0 1 0.868937 1098.078995 128.589280 1228.296003 184.122222 2.299790 2.017562 4.728489 24.648267 0.485351 32.443545 1.514304
25 95 Car 0 3 -0.899929 0.000000 203.290746 108.072719 252.453231 1.494964 1.698646 4.507233 -20.820460 2.688926 26.374030 -1.563460
26 -1 DontCare -1 -1 -10.000000 615.550000 172.360000 649.300000 193.020000 -1000.000000 -1000.000000 -1000.000000 -10.000000 -1.000000 -1.000000 -1.000000
26 -1 DontCare -1 -1 -10.000000 517.200000 178.530000 573.920000 205.140000 -1000.000000 -1000.000000 -1000.000000 -10.000000 -1.000000 -1.000000 -1.000000
26 -1 DontCare -1 -1 -10.000000 563.780000 180.710000 592.190000 196.270000 -1000.000000 -1000.000000 -1000.000000 -10.000000 -1.000000 -1.000000 -1.000000
26 -1 DontCare -1 -1 -10.000000 733.450000 151.830000 824.070000 181.580000 -1000.000000 -1000.000000 -1000.000000 -10.000000 -1.000000 -1.000000 -1.000000
26 -1 DontCare -1 -1 -10.000000 597.020000 174.980000 613.690000 189.560000 -1000.000000 -1000.000000 -1000.000000 -10.000000 -1.000000 -1.000000 -1.000000
26 -1 DontCare -1 -1 -10.000000 737.650000 169.770000 778.270000 190.600000 -1000.000000 -1000.000000 -1000.000000 -10.000000 -1.000000 -1.000000 -1.000000
26 4 Car 0 0 1.888248 305.287428 194.621040 414.573468 261.065247 1.417371 1.540476 3.504344 -6.177196 2.006081 18.076539 1.562795
26 5 Car 0 1 -1.701092 672.855137 176.677440 749.113006 232.434981 1.512623 1.746309 3.775171 2.899307 1.646830 21.696587 -1.570796
26 6 Car 0 1 1.836722 380.493374 192.692651 460.785109 240.951566 1.360295 1.513462 4.017021 -6.124373 2.052261 23.602613 1.584936
26 7 Car 0 1 1.756645 444.764446 181.032611 500.020229 223.452957 1.736870 1.652467 4.107704 -6.048960 2.109996 31.952745 1.570486
26 9 Car 0 2 1.743813 470.493383 183.590554 514.311557 215.929734 1.609242 1.638189 3.997999 -6.274029 2.203048 38.682895 1.583563
26 92 Van 0 1 0.852748 1114.363610 128.576055 1241.000000 186.124134 2.299790 2.017562 4.728489 24.672905 0.548695 31.358173 1.514858
26 95 Car 2 3 -0.880292 0.000000 203.234526 89.185979 252.865657 1.494964 1.698646 4.507233 -20.820965 2.642955 25.335241 -1.563194
27 -1 DontCare -1 -1 -10.000000 615.550000 172.360000 649.300000 193.020000 -1000.000000 -1000.000000 -1000.000000 -10.000000 -1.000000 -1.000000 -1.000000
27 -1 DontCare -1 -1 -10.000000 517.200000 178.530000 573.920000 205.140000 -1000.000000 -1000.000000 -1000.000000 -10.000000 -1.000000 -1.000000 -1.000000
27 -1 DontCare -1 -1 -10.000000 560.390000 180.710000 593.550000 198.970000 -1000.000000 -1000.000000 -1000.000000 -10.000000 -1.000000 -1.000000 -1.000000
27 -1 DontCare -1 -1 -10.000000 733.450000 151.830000 824.070000 181.580000 -1000.000000 -1000.000000 -1000.000000 -10.000000 -1.000000 -1.000000 -1.000000
27 -1 DontCare -1 -1 -10.000000 597.020000 174.980000 613.690000 189.560000 -1000.000000 -1000.000000 -1000.000000 -10.000000 -1.000000 -1.000000 -1.000000
27 -1 DontCare -1 -1 -10.000000 757.440000 168.730000 793.900000 188.520000 -1000.000000 -1000.000000 -1000.000000 -10.000000 -1.000000 -1.000000 -1.000000
27 -1 DontCare -1 -1 -10.000000 59.521000 197.900000 118.900000 244.770000 -1000.000000 -1000.000000 -1000.000000 -10.000000 -1.000000 -1.000000 -1.000000
27 4 Car 0 0 1.905864 284.960009 194.897675 404.142027 265.974161 1.417371 1.540476 3.504344 -6.165072 1.981615 17.026578 1.562795
27 5 Car 0 1 -1.708382 676.375482 178.535512 757.638673 237.434043 1.512623 1.746309 3.775171 2.916670 1.689573 20.640530 -1.570796
27 6 Car 0 1 1.846809 369.697907 194.199085 455.079154 245.149343 1.360295 1.513462 4.017021 -6.107848 2.075486 22.579751 1.584936
27 7 Car 0 1 1.762494 439.157802 181.889604 496.930222 226.010830 1.736870 1.652467 4.107704 -6.027664 2.136984 30.880130 1.570740
27 9 Car 0 2 1.747710 467.066650 183.011370 512.418999 216.240075 1.609242 1.638189 3.997999 -6.239871 2.155584 37.630884 1.583984
27 92 Van 0 1 0.835841 1131.731815 128.665693 1241.000000 188.281961 2.299790 2.017562 4.728489 24.697543 0.612039 30.272801 1.515411
27 95 Car 2 3 -0.859685 0.000000 203.173908 68.820758 251.815376 1.494964 1.698646 4.507233 -20.821471 2.596984 24.296451 -1.562928
28 -1 DontCare -1 -1 -10.000000 615.550000 172.360000 649.300000 193.020000 -1000.000000 -1000.000000 -1000.000000 -10.000000 -1.000000 -1.000000 -1.000000
28 -1 DontCare -1 -1 -10.000000 512.520000 178.690000 591.190000 206.330000 -1000.000000 -1000.000000 -1000.000000 -10.000000 -1.000000 -1.000000 -1.000000
28 -1 DontCare -1 -1 -10.000000 750.330000 154.120000 819.530000 189.080000 -1000.000000 -1000.000000 -1000.000000 -10.000000 -1.000000 -1.000000 -1.000000
28 -1 DontCare -1 -1 -10.000000 597.020000 174.980000 613.690000 189.560000 -1000.000000 -1000.000000 -1000.000000 -10.000000 -1.000000 -1.000000 -1.000000
28 -1 DontCare -1 -1 -10.000000 663.690000 165.600000 725.150000 186.440000 -1000.000000 -1000.000000 -1000.000000 -10.000000 -1.000000 -1.000000 -1.000000
28 -1 DontCare -1 -1 -10.000000 1.000000 189.560000 108.290000 249.980000 -1000.000000 -1000.000000 -1000.000000 -10.000000 -1.000000 -1.000000 -1.000000
28 4 Car 0 0 1.925490 261.634152 195.207032 392.475615 271.607929 1.417371 1.540476 3.504344 -6.152948 1.957149 15.976617 1.562795
28 5 Car 0 1 -1.715788 679.774448 177.456124 766.610263 239.865002 1.512623 1.746309 3.775171 2.920192 1.654761 19.585287 -1.570796
28 6 Car 0 1 1.856954 358.468738 193.219458 449.452397 246.631348 1.360295 1.513462 4.017021 -6.072695 2.013241 21.557501 1.584936
28 7 Car 0 1 1.768330 433.446001 180.934239 493.881654 226.587002 1.736870 1.652467 4.107704 -5.998410 2.081557 29.826608 1.570993
28 9 Car 0 2 1.751800 463.431679 182.400594 510.423159 216.569283 1.609242 1.638189 3.997999 -6.205713 2.108119 36.578873 1.584405
28 92 Van 0 1 0.818183 1150.295490 129.563591 1241.000000 190.432016 2.299790 2.017562 4.728489 24.722181 0.675383 29.187429 1.515964
29 -1 DontCare -1 -1 -10.000000 615.550000 172.360000 649.300000 193.020000 -1000.000000 -1000.000000 -1000.000000 -10.000000 -1.000000 -1.000000 -1.000000
29 -1 DontCare -1 -1 -10.000000 515.360000 174.440000 588.350000 205.620000 -1000.000000 -1000.000000 -1000.000000 -10.000000 -1.000000 -1.000000 -1.000000
29 -1 DontCare -1 -1 -10.000000 750.330000 154.120000 819.530000 189.080000 -1000.000000 -1000.000000 -1000.000000 -10.000000 -1.000000 -1.000000 -1.000000
29 -1 DontCare -1 -1 -10.000000 597.020000 174.980000 613.690000 189.560000 -1000.000000 -1000.000000 -1000.000000 -10.000000 -1.000000 -1.000000 -1.000000
29 -1 DontCare -1 -1 -10.000000 663.690000 165.600000 725.150000 186.440000 -1000.000000 -1000.000000 -1000.000000 -10.000000 -1.000000 -1.000000 -1.000000
29 -1 DontCare -1 -1 -10.000000 1.000000 193.730000 92.667000 248.940000 -1000.000000 -1000.000000 -1000.000000 -10.000000 -1.000000 -1.000000 -1.000000
29 4 Car 0 0 1.947474 234.593599 195.555284 379.341126 278.139896 1.417371 1.540476 3.504344 -6.140824 1.932683 14.926656 1.562795
29 5 Car 0 1 -1.724005 683.524433 176.240007 776.719382 242.604183 1.512623 1.746309 3.775171 2.923714 1.619949 18.530044 -1.570796
29 6 Car 0 1 1.868028 346.002261 192.151012 443.315158 248.276776 1.360295 1.513462 4.017021 -6.037542 1.950997 20.535252 1.584936
29 7 Car 0 1 1.774557 427.284228 179.840331 490.624685 227.208595 1.736870 1.652467 4.107704 -5.969156 2.026130 28.773086 1.571247
29 9 Car 0 2 1.756101 459.563223 181.130789 508.309781 216.219619 1.609242 1.638189 3.997999 -6.171897 2.028158 35.527242 1.584825
29 92 Van 1 1 0.799735 1170.182454 131.488958 1241.000000 192.440085 2.299790 2.017562 4.728489 24.746819 0.738727 28.102058 1.516517
30 -1 DontCare -1 -1 -10.000000 510.390000 177.980000 594.730000 207.750000 -1000.000000 -1000.000000 -1000.000000 -10.000000 -1.000000 -1.000000 -1.000000
30 -1 DontCare -1 -1 -10.000000 761.920000 158.450000 874.960000 191.050000 -1000.000000 -1000.000000 -1000.000000 -10.000000 -1.000000 -1.000000 -1.000000
30 -1 DontCare -1 -1 -10.000000 597.020000 174.980000 613.690000 189.560000 -1000.000000 -1000.000000 -1000.000000 -10.000000 -1.000000 -1.000000 -1.000000
30 -1 DontCare -1 -1 -10.000000 663.690000 165.600000 725.150000 186.440000 -1000.000000 -1000.000000 -1000.000000 -10.000000 -1.000000 -1.000000 -1.000000
30 -1 DontCare -1 -1 -10.000000 1.000000 197.900000 67.667000 259.350000 -1000.000000 -1000.000000 -1000.000000 -10.000000 -1.000000 -1.000000 -1.000000
30 4 Car 0 0 1.972243 202.874216 195.950257 364.442841 285.803472 1.417371 1.540476 3.504344 -6.128700 1.908217 13.876694 1.562795
30 5 Car 0 1 -1.733175 687.682772 174.859426 788.197021 245.714175 1.512623 1.746309 3.775171 2.927237 1.585137 17.474801 -1.570796
30 6 Car 0 1 1.880165 332.082051 190.981094 436.594669 250.114236 1.360295 1.513462 4.017021 -6.002389 1.888753 19.513003 1.584936
30 7 Car 0 1 1.781218 420.617132 178.570050 487.137191 227.881200 1.736870 1.652467 4.107704 -5.939902 1.970703 27.719564 1.571501
30 9 Car 0 2 1.761390 455.150763 181.454100 505.886741 217.753189 1.609242 1.638189 3.997999 -6.143870 2.032086 34.444372 1.585669
30 11 Car 0 1 -1.607220 634.682281 175.116446 654.549190 192.547427 1.546080 1.663900 4.146976 3.165016 1.779536 66.788069 -1.560447
30 92 Van 2 1 0.780461 1191.539433 133.421537 1241.000000 194.452777 2.299790 2.017562 4.728489 24.771457 0.802072 27.016686 1.517070
